113.5469 31.2294
-79.0333 9.5167
-122.1018 47.9934
147.1510 -41.4384
7.0186 8.8835
82.6712 53.5044
29.9419 -0.8411
3.6912 36.1477
-89.2853 32.4513
-73.9976 40.8482
7.9337 11.9160
-2.3333 53.3500
1.3519 43.4798
153.1532 -27.4919
26.1047 35.2078
153.4307 -29.1178
28.7425 -25.8102
144.7666 -37.7672
21.2572 -34.0934
111.2145 -6.7089
150.4857 -34.4010
-122.5255 37.9044
98.3390 7.8447
151.0690 -34.0383
101.1556 19.1503
-0.4896 53.8195
34.6333 -11.0833
115.9667 -32.0333
150.9154 -33.6821
-0.2355 51.9327
4.0498 7.3772
152.7502 -27.6423
14.3011 50.6611
-92.2568 14.5623
20.4144 43.7467
22.7167 -20.4667
-93.5761 44.5433
-99.4697 19.0181
38.8783 15.5091
107.5368 -7.4035
-97.4770 35.1412
115.8126 -32.0332
15.0448 40.2263
-5.1501 42.0328
8.3554 8.3931
-78.2181 39.0834
12.2237 52.8856
19.4933 51.1689
35.0062 1.0157
-99.3321 19.4815
10.4707 2.0164
-72.6779 40.8812
-86.7792 36.0251
-91.4724 17.0841
-55.5809 -27.3674
152.5625 -25.1083
7.5169 50.6230
117.1465 -20.7723
113.3000 25.3722
27.1520 -23.1072
120.9051 15.0292
2.4475 36.5897
73.6758 42.8247
-1.0924 35.3914
-78.4067 36.3082
116.1376 39.7280
116.4336 40.0250
-5.2733 34.6745
110.3255 19.4429
115.9667 -31.8833
-3.3239 39.9019
12.2510 45.9139
6.4943 45.8620
109.9603 20.8980
-57.8809 -36.8627
122.0171 11.7403
-97.0384 37.0620
5.2000 9.4333
117.9856 26.9609
-100.7468 20.6725
-6.4003 40.7058
105.7007 -6.7454
116.4752 -32.8007
150.5366 -34.7381
35.5888 6.9986
138.5433 -35.2189
138.9283 -33.6717
103.8310 25.7572
145.5565 -42.0805
-86.1155 40.8223
110.8289 30.9357
151.1509 -33.6208
152.8601 -27.6128
151.0078 -33.8229
32.1833 12.3500
15.3237 40.1516
-2.9167 51.9333
123.0900 10.9329
50.3150 33.2205
81.1075 26.7679